-3.0
-2.99
-2.9800000000000004
-2.9700000000000006
-2.960000000000001
-2.950000000000001
-2.9400000000000013
-2.9300000000000015
-2.9200000000000017
-2.910000000000002
-2.900000000000002
-2.8900000000000023
-2.8800000000000026
-2.8700000000000028
-2.860000000000003
-2.850000000000003
-2.8400000000000034
-2.8300000000000036
-2.820000000000004
-2.810000000000004
-2.8000000000000043
-2.7900000000000045
-2.7800000000000047
-2.770000000000005
-2.760000000000005
-2.7500000000000053
-2.7400000000000055
-2.7300000000000058
-2.720000000000006
-2.710000000000006
-2.7000000000000064
-2.6900000000000066
-2.680000000000007
-2.670000000000007
-2.6600000000000072
-2.6500000000000075
-2.6400000000000077
-2.630000000000008
-2.620000000000008
-2.6100000000000083
-2.6000000000000085
-2.5900000000000087
-2.580000000000009
-2.570000000000009
-2.5600000000000094
-2.5500000000000096
-2.54000000000001
-2.53000000000001
-2.5200000000000102
-2.5100000000000104
-2.5000000000000107
-2.490000000000011
-2.480000000000011
-2.4700000000000113
-2.4600000000000115
-2.4500000000000117
-2.440000000000012
-2.430000000000012
-2.4200000000000124
-2.4100000000000126
-2.400000000000013
-2.390000000000013
-2.380000000000013
-2.3700000000000134
-2.3600000000000136
-2.350000000000014
-2.340000000000014
-2.3300000000000143
-2.3200000000000145
-2.3100000000000147
-2.300000000000015
-2.290000000000015
-2.2800000000000153
-2.2700000000000156
-2.2600000000000158
-2.250000000000016
-2.240000000000016
-2.2300000000000164
-2.2200000000000166
-2.210000000000017
-2.200000000000017
-2.1900000000000173
-2.1800000000000175
-2.1700000000000177
-2.160000000000018
-2.150000000000018
-2.1400000000000183
-2.1300000000000185
-2.1200000000000188
-2.110000000000019
-2.100000000000019
-2.0900000000000194
-2.0800000000000196
-2.07000000000002
-2.06000000000002
-2.0500000000000203
-2.0400000000000205
-2.0300000000000207
-2.020000000000021
-2.010000000000021
-2.0000000000000213
-1.9900000000000215
-1.9800000000000217
-1.970000000000022
-1.9600000000000222
-1.9500000000000224
-1.9400000000000226
-1.9300000000000228
-1.920000000000023
-1.9100000000000232
-1.9000000000000234
-1.8900000000000237
-1.8800000000000239
-1.870000000000024
-1.8600000000000243
-1.8500000000000245
-1.8400000000000247
-1.830000000000025
-1.8200000000000252
-1.8100000000000254
-1.8000000000000256
-1.7900000000000258
-1.780000000000026
-1.7700000000000262
-1.7600000000000264
-1.7500000000000266
-1.7400000000000269
-1.730000000000027
-1.7200000000000273
-1.7100000000000275
-1.7000000000000277
-1.690000000000028
-1.6800000000000281
-1.6700000000000284
-1.6600000000000286
-1.6500000000000288
-1.640000000000029
-1.6300000000000292
-1.6200000000000294
-1.6100000000000296
-1.6000000000000298
-1.59000000000003
-1.5800000000000303
-1.5700000000000305
-1.5600000000000307
-1.550000000000031
-1.5400000000000311
-1.5300000000000313
-1.5200000000000315
-1.5100000000000318
-1.500000000000032
-1.4900000000000322
-1.4800000000000324
-1.4700000000000326
-1.4600000000000328
-1.450000000000033
-1.4400000000000333
-1.4300000000000335
-1.4200000000000337
-1.410000000000034
-1.400000000000034
-1.3900000000000343
-1.3800000000000345
-1.3700000000000347
-1.360000000000035
-1.3500000000000352
-1.3400000000000354
-1.3300000000000356
-1.3200000000000358
-1.310000000000036
-1.3000000000000362
-1.2900000000000365
-1.2800000000000367
-1.2700000000000369
-1.260000000000037
-1.2500000000000373
-1.2400000000000375
-1.2300000000000377
-1.220000000000038
-1.2100000000000382
-1.2000000000000384
-1.1900000000000386
-1.1800000000000388
-1.170000000000039
-1.1600000000000392
-1.1500000000000394
-1.1400000000000396
-1.1300000000000399
-1.12000000000004
-1.1100000000000403
-1.1000000000000405
-1.0900000000000407
-1.080000000000041
-1.0700000000000411
-1.0600000000000414
-1.0500000000000416
-1.0400000000000418
-1.030000000000042
-1.0200000000000422
-1.0100000000000424
-1.0000000000000426
-0.9900000000000428
-0.9800000000000431
-0.9700000000000433
-0.9600000000000435
-0.9500000000000437
-0.9400000000000439
-0.9300000000000441
-0.9200000000000443
-0.9100000000000446
-0.9000000000000448
-0.890000000000045
-0.8800000000000452
-0.8700000000000454
-0.8600000000000456
-0.8500000000000458
-0.840000000000046
-0.8300000000000463
-0.8200000000000465
-0.8100000000000467
-0.8000000000000469
-0.7900000000000471
-0.7800000000000473
-0.7700000000000475
-0.7600000000000477
-0.750000000000048
-0.7400000000000482
-0.7300000000000484
-0.7200000000000486
-0.7100000000000488
-0.700000000000049
-0.6900000000000492
-0.6800000000000495
-0.6700000000000497
-0.6600000000000499
-0.6500000000000501
-0.6400000000000503
-0.6300000000000505
-0.6200000000000507
-0.610000000000051
-0.6000000000000512
-0.5900000000000514
-0.5800000000000516
-0.5700000000000518
-0.560000000000052
-0.5500000000000522
-0.5400000000000524
-0.5300000000000527
-0.5200000000000529
-0.5100000000000531
-0.5000000000000533
-0.4900000000000535
-0.4800000000000537
-0.47000000000005393
-0.46000000000005414
-0.45000000000005436
-0.44000000000005457
-0.4300000000000548
-0.420000000000055
-0.4100000000000552
-0.4000000000000554
-0.39000000000005564
-0.38000000000005585
-0.37000000000005606
-0.3600000000000563
-0.3500000000000565
-0.3400000000000567
-0.3300000000000569
-0.3200000000000571
-0.31000000000005734
-0.30000000000005755
-0.29000000000005777
-0.280000000000058
-0.2700000000000582
-0.2600000000000584
-0.2500000000000586
-0.24000000000005883
-0.23000000000005905
-0.22000000000005926
-0.21000000000005947
-0.20000000000005969
-0.1900000000000599
-0.1800000000000601
-0.17000000000006033
-0.16000000000006054
-0.15000000000006075
-0.14000000000006096
-0.13000000000006118
-0.12000000000006139
-0.1100000000000616
-0.10000000000006182
-0.09000000000006203
-0.08000000000006224
-0.07000000000006246
-0.06000000000006267
-0.05000000000006288
-0.040000000000063096
-0.03000000000006331
-0.020000000000063523
-0.010000000000063736
-6.394884621840902e-14
0.009999999999935838
0.019999999999935625
0.02999999999993541
0.0399999999999352
0.049999999999934985
0.05999999999993477
0.06999999999993456
0.07999999999993435
0.08999999999993413
0.09999999999993392
0.1099999999999337
0.1199999999999335
0.12999999999993328
0.13999999999993307
0.14999999999993285
0.15999999999993264
0.16999999999993243
0.17999999999993221
0.189999999999932
0.1999999999999318
0.20999999999993157
0.21999999999993136
0.22999999999993115
0.23999999999993094
0.24999999999993072
0.2599999999999305
0.2699999999999303
0.2799999999999301
0.28999999999992987
0.29999999999992966
0.30999999999992944
0.31999999999992923
0.329999999999929
0.3399999999999288
0.3499999999999286
0.3599999999999284
0.36999999999992816
0.37999999999992795
0.38999999999992774
0.3999999999999275
0.4099999999999273
0.4199999999999271
0.4299999999999269
0.43999999999992667
0.44999999999992646
0.45999999999992625
0.46999999999992603
0.4799999999999258
0.4899999999999256
0.4999999999999254
0.5099999999999252
0.519999999999925
0.5299999999999248
0.5399999999999245
0.5499999999999243
0.5599999999999241
0.5699999999999239
0.5799999999999237
0.5899999999999235
0.5999999999999233
0.609999999999923
0.6199999999999228
0.6299999999999226
0.6399999999999224
0.6499999999999222
0.659999999999922
0.6699999999999218
0.6799999999999216
0.6899999999999213
0.6999999999999211
0.7099999999999209
0.7199999999999207
0.7299999999999205
0.7399999999999203
0.7499999999999201
0.7599999999999199
0.7699999999999196
0.7799999999999194
0.7899999999999192
0.799999999999919
0.8099999999999188
0.8199999999999186
0.8299999999999184
0.8399999999999181
0.8499999999999179
0.8599999999999177
0.8699999999999175
0.8799999999999173
0.8899999999999171
0.8999999999999169
0.9099999999999167
0.9199999999999164
0.9299999999999162
0.939999999999916
0.9499999999999158
0.9599999999999156
0.9699999999999154
0.9799999999999152
0.989999999999915
0.9999999999999147
1.0099999999999145
1.0199999999999143
1.029999999999914
1.0399999999999139
1.0499999999999137
1.0599999999999135
1.0699999999999132
1.079999999999913
1.0899999999999128
1.0999999999999126
1.1099999999999124
1.1199999999999122
1.129999999999912
1.1399999999999118
1.1499999999999115
1.1599999999999113
1.1699999999999111
1.179999999999911
1.1899999999999107
1.1999999999999105
1.2099999999999103
1.21999999999991
1.2299999999999098
1.2399999999999096
1.2499999999999094
1.2599999999999092
1.269999999999909
1.2799999999999088
1.2899999999999086
1.2999999999999083
1.3099999999999081
1.319999999999908
1.3299999999999077
1.3399999999999075
1.3499999999999073
1.359999999999907
1.3699999999999068
1.3799999999999066
1.3899999999999064
1.3999999999999062
1.409999999999906
1.4199999999999058
1.4299999999999056
1.4399999999999054
1.4499999999999051
1.459999999999905
1.4699999999999047
1.4799999999999045
1.4899999999999043
1.499999999999904
1.5099999999999039
1.5199999999999037
1.5299999999999034
1.5399999999999032
1.549999999999903
1.5599999999999028
1.5699999999999026
1.5799999999999024
1.5899999999999022
1.599999999999902
1.6099999999999017
1.6199999999999015
1.6299999999999013
1.639999999999901
1.6499999999999009
1.6599999999999007
1.6699999999999005
1.6799999999999002
1.6899999999999
1.6999999999998998
1.7099999999998996
1.7199999999998994
1.7299999999998992
1.739999999999899
1.7499999999998987
1.7599999999998985
1.7699999999998983
1.779999999999898
1.789999999999898
1.7999999999998977
1.8099999999998975
1.8199999999998973
1.829999999999897
1.8399999999998968
1.8499999999998966
1.8599999999998964
1.8699999999998962
1.879999999999896
1.8899999999998958
1.8999999999998956
1.9099999999998953
1.9199999999998951
1.929999999999895
1.9399999999998947
1.9499999999998945
1.9599999999998943
1.969999999999894
1.9799999999998938
1.9899999999998936
1.9999999999998934
2.009999999999893
2.019999999999893
2.029999999999893
2.0399999999998926
2.0499999999998924
2.059999999999892
2.069999999999892
2.0799999999998917
2.0899999999998915
2.0999999999998913
2.109999999999891
2.119999999999891
2.1299999999998906
2.1399999999998904
2.14999999999989
2.15999999999989
2.16999999999989
2.1799999999998896
2.1899999999998894
2.199999999999889
2.209999999999889
2.2199999999998887
2.2299999999998885
2.2399999999998883
2.249999999999888
2.259999999999888
2.2699999999998877
2.2799999999998875
2.2899999999998872
2.299999999999887
2.309999999999887
2.3199999999998866
2.3299999999998864
2.339999999999886
2.349999999999886
2.3599999999998857
2.3699999999998855
2.3799999999998853
2.389999999999885
2.399999999999885
2.4099999999998847
2.4199999999998845
2.4299999999998843
2.439999999999884
2.449999999999884
2.4599999999998836
2.4699999999998834
2.479999999999883
2.489999999999883
2.4999999999998828
2.5099999999998825
2.5199999999998823
2.529999999999882
2.539999999999882
2.5499999999998817
2.5599999999998815
2.5699999999998813
2.579999999999881
2.589999999999881
2.5999999999998806
2.6099999999998804
2.61999999999988
2.62999999999988
2.6399999999998798
2.6499999999998796
2.6599999999998793
2.669999999999879
2.679999999999879
2.6899999999998787
2.6999999999998785
2.7099999999998783
2.719999999999878
2.729999999999878
2.7399999999998776
2.7499999999998774
2.759999999999877
2.769999999999877
2.779999999999877
2.7899999999998766
2.7999999999998764
2.809999999999876
2.819999999999876
2.8299999999998757
2.8399999999998755
2.8499999999998753
2.859999999999875
2.869999999999875
2.8799999999998747
2.8899999999998744
2.8999999999998742
2.909999999999874
2.919999999999874
2.9299999999998736
2.9399999999998734
2.949999999999873
2.959999999999873
2.9699999999998727
2.9799999999998725
2.9899999999998723
2.999999999999872
